   day Exp1 Exp2 Exp3 Exp4 Exp5 Exp6 Exp7 Exp8 Exp9 Exp10
1   10   87   85   77   78   68   62   91  111   74    77
2   15  106  125   83   81   82   81   87  100   92   118
3   20   93  131   87   87  107  104  137  159  103   134
4   25  129  135  118  118  126  126  160  170  133   138
5   30  168  166  153  115  147  136  160  201  123   166
6   35  174  175  152  146  152  142  217  211  167   184
7   40  172  230  188  177  195  174  220  253  178   209
8   45  188  258  204  182  202  152  257  273  187   249
9   50  257  295  216  225  219  197  281  281  230   268
10  55  270  300  256  257  250  244  305  277  225   264
11  60  298  320  261  283  262  271  371  343  293   311
12  65  321  380  293  283  317  273  357  372  307   352
13  70  338  363  342  327  338  323  365  423  373   420
14  75  403  438  388  336  349  320  422  427  371   460
15  80  425  457  403  384  393  384  489  482  377   458
16  85  438  509  399  402  436  404  525  530  412   525
17  90  453  522  443  421  451  431  508  534  419   532
18  95  477  557  478  464  463  464  565  602  478   544
19 100  524  559  473  490  509  479  652  595  517   609
20 105  546  601  537  514  510  520  650  681  538   619
21 110  621  686  560  540  541  546  673  687  544   668
22 115  622  759  539  568  592  586  683  769  599   693
23 120  660  702  593  589  622  589  768  767  664   771
24 125  656  706  632  631  712  628  782  822  645   811
25 130  707  814  657  671  714  679  842  820  696   819
26 135  737  808  692  700  713  666  923  898  740   817
27 140  770  869  708  745  747  732  901  868  709   917
28 145  825  898  688  709  747  679  925  985  765   910
29 150  848  920  735  770  762  783  947  964  830   927
30 155  871  939  775  802  773  784 1022 1031  849   996
31 160  879 1023  840  819  806  772 1055 1043  846  1010
32 165  914  985  866  854  886  802 1055 1084  878  1032
33 170  893  986  845  853  920  827 1044 1190  844  1055
34 175  947 1058  865  897  918  892 1147 1092  931  1096
35 180  971 1078  892  922  910  894 1072 1199  853  1080
36 185 1036 1105  939  937  938  936 1253 1225  973  1107
37 190  983 1157  921  944  955  971 1139 1235  928  1125
38 195 1051 1236  932  970  969 1008 1240 1233  975  1201
39 200 1029 1148  974  934 1034  964 1244 1227 1003  1152
40 205 1074 1209  936 1001 1052  911 1248 1293 1077  1267
41 210 1080 1304  958 1012 1003  983 1318 1356 1002  1202
42 215 1110 1223 1003 1065 1080 1009 1303 1304 1011  1223
43 220 1173 1333 1008 1016 1083 1050 1261 1366 1058  1263
44 225 1135 1249 1030 1073 1060 1045 1355 1277 1066  1321
45 230 1140 1317 1024 1085 1076 1052 1361 1399 1052  1289
46 235 1192 1300 1061 1074 1118 1082 1341 1440 1131  1271
47 240 1189 1300 1018 1045 1180 1063 1318 1404 1114  1313
48 245 1206 1334 1121 1047 1154 1101 1406 1430 1145  1376
49 250 1223 1283 1130 1125 1184 1136 1415 1421 1139  1416
50 255 1204 1366 1061 1092 1154 1122 1420 1458 1176  1359
51 260 1308 1382 1153 1140 1167 1094 1426 1412 1138  1418
52 265 1196 1426 1079 1114 1190 1126 1442 1447 1197  1451
53 270 1264 1390 1182 1192 1163 1175 1384 1488 1158  1387
54 275 1279 1446 1138 1088 1164 1209 1468 1477 1168  1403
55 280 1274 1458 1160 1184 1217 1170 1447 1497 1223  1356
56 285 1314 1491 1145 1229 1225 1155 1523 1512 1263  1357
57 290 1362 1426 1210 1152 1259 1216 1493 1515 1198  1542
58 295 1279 1533 1194 1188 1240 1155 1558 1525 1158  1473
59 300 1271 1488 1234 1175 1265 1164 1493 1579 1228  1442
60 305 1285 1425 1152 1223 1228 1190 1478 1545 1229  1393
61 310 1340 1431 1157 1244 1288 1231 1596 1568 1263  1546
62 315 1323 1572 1234 1148 1208 1204 1602 1545 1250  1466
63 320 1304 1545 1213 1254 1257 1187 1593 1584 1259  1554
64 325 1341 1490 1258 1234 1254 1217 1504 1622 1231  1521
65 330 1335 1452 1170 1242 1284 1247 1546 1594 1231  1570
66 335 1331 1493 1266 1240 1330 1284 1569 1573 1262  1503
67 340 1336 1517 1192 1290 1273 1288 1620 1608 1261  1552
68 345 1326 1488 1188 1196 1290 1285 1608 1617 1246  1575
69 350 1370 1524 1255 1291 1281 1204 1511 1627 1281  1498
70 355 1403 1545 1173 1238 1271 1251 1618 1552 1280  1491
71 360 1382 1517 1229 1261 1318 1272 1651 1635 1304  1557
72 365 1357 1519 1283 1245 1266 1287 1587 1570 1304  1557
73 370 1380 1586 1252 1253 1298 1245 1605 1668 1238  1536
74 375 1358 1553 1278 1285 1281 1210 1629 1665 1296  1556
75 380 1388 1656 1304 1276 1303 1309 1622 1730 1273  1600
76 385 1358 1564 1268 1301 1213 1300 1623 1647 1248  1590
77 390 1432 1555 1232 1246 1358 1293 1590 1645 1247  1555
78 395 1370 1520 1206 1340 1280 1255 1723 1650 1327  1510
79 400 1446 1586 1232 1282 1341 1306 1600 1652 1311  1590
80 405 1383 1608 1238 1323 1282 1271 1631 1577 1354  1608
81 410 1400 1594 1261 1355 1353 1281 1691 1614 1296  1549
82 415 1462 1554 1205 1276 1297 1273 1570 1633 1286  1493
83 420 1399 1555 1290 1252 1398 1299 1670 1636 1360  1518
84 425 1443 1544 1268 1282 1371 1271 1695 1600 1342  1617
85 430 1380 1601 1293 1255 1332 1287 1630 1679 1317  1541
86 435 1401 1531 1297 1281 1334 1300 1578 1638 1348  1677
87 440 1374 1574 1283 1238 1281 1287 1676 1634 1252  1562
88 445 1425 1555 1197 1296 1341 1256 1590 1666 1279  1556
89 450 1398 1558 1242 1308 1451 1241 1650 1676 1310  1558
90 455 1386 1619 1311 1345 1341 1316 1578 1766 1296  1520
91 460 1427 1611 1298 1303 1374 1216 1627 1627 1287  1528
92 465 1400 1579 1326 1325 1373 1247 1644 1659 1340  1583
93 470 1431 1555 1320 1329 1402 1306 1594 1737 1313  1596
94 475 1423 1623 1284 1334 1346 1311 1651 1645 1277  1560
95 480 1417 1608 1344 1281 1389 1286 1590 1682 1304  1570
96 485 1390 1542 1276 1214 1282 1409 1663 1694 1305  1574
97 490 1451 1583 1277 1300 1386 1325 1613 1661 1336  1569
98 495 1448 1532 1257 1316 1252 1248 1573 1708 1336  1624
99 500 1432 1538 1279 1330 1356 1378 1660 1637 1267  1577
